4294967279,21
4294967279,16
4294967279,13
4294967278,132
4294967278,130
4294967278,129
4294967278,128
4294967278,127
4294967278,125
4294967278,123
4294967278,122
4294967278,121
4294967278,120
4294967278,119
4294967278,118
4294967278,117
4294967278,116
4294967278,114
4294967278,113
4294967278,112
4294967278,111
4294967278,107
4294967278,105
4294967278,104
4294967278,103
4294967278,102
4294967278,100
4294967278,99
4294967278,98
4294967278,96
4294967278,95
4294967278,94
4294967278,93
4294967278,92
4294967278,91
4294967278,90
4294967278,87
4294967278,86
4294967278,85
4294967278,84
4294967278,83
4294967278,79
4294967278,77
4294967278,76
4294967278,75
4294967278,74
4294967278,73
4294967278,72
4294967278,71
4294967278,69
4294967278,68
4294967278,67
4294967278,66
4294967278,65
4294967278,64
4294967278,63
4294967279,87
4294967279,85
4294967279,84
4294967279,83
4294967279,76
4294967279,61
4294967279,60
4294967279,58
4294967279,53
4294967279,50
4294967279,49
4294967279,41
4294967279,38
4294967279,34
4294967279,33
4294967279,26
4294967279,24
4294967279,15
4294967279,9
4294967279,8
4294967279,7
143,4
137,4
132,5
4294967279,233
4294967278,231
4294967278,131
4294967278,126
4294967278,124
4294967278,115
4294967278,110
4294967278,223
4294967278,106
4294967278,575
4294967278,101
4294967278,97
4294967278,327
4294967278,89
4294967278,82
4294967278,568
4294967278,81
4294967278,80
4294967278,78
4294967278,70
4294967279,74
4294967279,73
4294967279,72
4294967279,320
4294967279,319
4294967279,393
4294967279,46
4294967279,44
4294967279,22
4294967279,12
4294967279,10
4294967279,6
4294967279,5
4294967279,4
4294967278,109
4294967278,229
4294967279,229
139,4
140,4
132,4
136,4
4294967278,108
4294967278,227
4294967294,7
4294967294,30
4294967294,948
4294967294,947
4294967294,945
4294967294,944
4294967294,939
4294967294,928
4294967294,902
4294967294,900
4294967294,899
4294967294,898
4294967294,897
4294967294,60
4294967294,427
4294967294,127
4294967294,68
4294967294,126
4294967294,18
4294967294,12
4294967294,11
4294967279,225
4294967279,223
4294967278,221
4294967279,221
4294967279,280
188,4
4294967279,213
218,6
218,5
4294967279,211
218,4
218,3
218,2
218,1
4294967279,210
4294967278,554
4294967279,352
4294967278,553
4294967279,368
4294967278,312
4294967279,206
4294967279,205
4294967279,204
217,5
217,4
217,3
217,2
217,1
4294967278,569
4294967279,402
4294967278,338
4294967278,532
216,5
216,4
216,3
216,2
216,1
4294967278,337
4294967278,550
4294967279,345
4294967278,531
4294967279,364
4294967279,183
215,6
215,5
215,4
215,3
215,2
215,1
4294967278,288
4294967278,170
4294967278,329
4294967279,171
4294967278,169
4294967279,401
214,5
214,4
214,3
214,2
214,1
4294967279,315
4294967279,400
4294967279,346
4294967279,0
4294967278,546
4294967294,22
4294967278,297
4294967278,160
4294967294,911
4294967294,186
4294967294,925
4294967294,406
4294967294,415
4294967294,469
4294967294,416
4294967294,467
4294967294,463
4294967294,1361
4294967294,89
4294967294,182
4294967294,190
4294967294,916
4294967294,963
4294967278,159
4294967279,160
213,6
4294967278,155
213,5
213,4
213,3
213,2
213,1
4294967278,564
4294967294,956
4294967278,149
4294967294,392
4294967294,430
4294967294,114
4294967294,1366
4294967294,503
4294967294,2
4294967278,525
4294967278,524
4294967278,145
4294967279,145
4294967278,144
212,4
212,3
212,2
212,1
4294967279,333
4294967294,46
4294967278,526
4294967278,0
4294967279,291
4294967279,379
4294967278,138
4294967278,276
180,4
4294967279,133
4294967278,133
211,7
4294967279,283
211,6
211,5
211,4
211,3
211,2
211,1
4294967278,519
0,7
4294967294,417
4294967294,907
4294967294,94
4294967294,96
4294967294,93
4294967294,95
4294967294,17
4294967294,42
4294967294,67
4294967294,0
4294967294,5
4294967294,91
4294967294,88
4294967294,85
4294967294,924
4294967279,391
4294967279,361
4294967294,83
4294967279,399
4294967278,266
4294967294,1357
4294967294,44
4294967294,53
4294967294,958
4294967294,1
4294967294,419
4294967294,29
4294967294,28
4294967294,926
4294967294,27
4294967294,26
4294967294,1362
4294967294,25
4294967294,974
4294967278,286
4294967294,1363
4294967294,9
4294967294,8
0,5
4294967278,279
4294967279,285
4294967294,6
4294967294,1360
4294967293,131
4294967293,130
4294967293,129
4294967293,128
4294967293,127
4294967293,126
4294967293,125
4294967293,124
4294967293,123
4294967293,122
4294967293,121
4294967293,120
4294967293,119
4294967293,118
4294967293,117
4294967293,116
4294967293,115
4294967293,114
4294967293,113
4294967293,112
4294967293,111
4294967293,110
4294967293,109
4294967293,108
4294967293,107
4294967293,106
4294967293,105
4294967293,104
4294967293,103
4294967293,102
4294967293,101
4294967293,100
4294967293,99
4294967293,98
4294967293,97
4294967293,96
4294967293,95
4294967293,94
4294967293,93
4294967293,92
4294967293,91
4294967293,90
4294967293,89
4294967293,87
4294967293,86
4294967293,85
4294967293,84
4294967293,83
4294967293,82
4294967293,81
4294967293,80
4294967293,79
4294967293,78
4294967293,77
4294967293,76
4294967293,75
4294967293,74
4294967293,73
